101247
103430
113320
114640
118969
130523
136262
138494
141335
145656
162756
167672
168350
171870
172993
176050
183970
185404
186588
189601
190090
192856
196657
197959
204948
210295
210765
214027
215951
216279
216938
218185
218286
220416
220629
221751
222770
223443
224012
225196
226176
229701
229758
232189
232791
236316
239554
239960
240946
243336
247315
251040
257550
264928
268221
268987
271626
274101
276957
280066
298407
301941
305154
309419
316808
321541
323421
324373
327961
328818
336576
336725
337032
339961
341870
346973
347302
350868
364403
364612
364850
376852
378901
381101
385291
389321
389521
402809
404956
405869
413692
416539
420719
422057
424560
428973
436524
439453
443584
443805
447346
449310
456650
456823
458894
464943
471664
471870
472857
476634
479010
481457
482642
483143
486701
490181
490324
490878
494479
496765
497532
500883
501347
505608
508146
508320
511104
512998
513330
516442
519668
519756
525057
525281
525831
533799
536109
540777
544847
548690
549587
550077
550654
550690
551475
553295
560969
569453
570210
580421
581471
583392
583629
589344
593785
595729
598710
600014
600902
604440
605018
618672
618875
621732
621892
622437
623127
623831
631202
633804
636396
636817
636881
638999
639315
641247
649639
650503
657703
658909
659752
660372
661845
675255
677040
684945
691501
699209
700429
701672
703249
703739
704921
706653
709530
710239
710567
711917
713824
717010
717808
729108
751081
751794
751872
755016
755309
763400
763676
768690
773722
776145
781819
783552
784198
786888
793001
798424
799490
802541
807284
807688
809318
812857
813472
814671
817034
822168
822456
830319
831855
833557
841306
842426
843372
845807
850654
855155
858677
859030
859112
862074
865528
867898
868632
870658
872121
874093
876501
877431
878962
879873
882951
889945
895096
898932
908962
911817
915717
916008
919979
920912
924851
926946
927475
927772
929204
930203
931663
931845
934404
942335
950017
950194
950726
954491
954656
955326
958291
961753
961850
962063
963368
967950
972585
974562
974644
974849
975596
981407
992063
995004
996243
996312